81,52
81,51
81,50
81,49
81,48
81,47
81,46
81,45
81,44
81,43
81,42
81,41
81,40
81,39
81,38
81,37
81,36
0,273
0,270
81,35
3,2
3,1
3,3
10,65
10,95
10,125
10,149
10,75
10,209
10,311
10,2
10,3
11,29
11,22
65,6
65,5
65,4
65,3
8,4
8,7
8,12
65,2
65,1
65,0
64,4
64,3
64,2
64,1
64,0
63,6
63,5
63,4
63,3
63,2
63,1
63,0
62,4
62,3
62,2
62,1
62,0
61,4
61,3
61,2
61,1
61,0
60,5
60,4
60,3
60,2
60,1
60,0
54,3
54,1
53,3
53,1
51,3
51,1
20,3
20,2
20,1
12,3
12,2
12,1
11,30
11,28
19,2
19,1
11,27
19,3
11,25
11,24
11,21
11,20
11,19
11,17
11,16
11,15
11,13
11,12
11,11
11,10
11,9
11,8
11,7
11,6
11,4
11,3
11,2
11,1
10,306
10,302
10,297
10,292
10,284
10,273
18,1
